10 stats/pe1 77 -0.1092 0.2182 0.6248 0.6644 1.075 1.243 0.3361 82 51 9 -42.7 -51.4 -30.5
10 stats/pe3 77 -0.2579 0.1169 0.4425 0.4277 0.9236 1.095 0.3035 82 51 9 -42.7 -51.4 -30.5
10 stats/pe5 77 -0.1488 0.2576 0.6602 0.604 1.228 1.554 0.3964 82 50 9 -42.7 -53.6 -30.0
10 stats/pe7 77 -0.3349 -0.03994 0.1986 0.1543 0.5605 0.7023 0.233 81 51 9 -40.3 -51.3 -30.5
10 stats/pe9 77 -0.2464 0.09173 0.5245 0.5445 0.8838 1.022 0.2937 81 51 9 -40.3 -51.3 -30.5
10 stats/cope1 77 -0.1072 0.2143 0.6135 0.6525 1.056 1.221 0.3301 82 51 9 -42.7 -51.4 -30.5
10 stats/cope2 77 -0.25 0.1133 0.4289 0.4146 0.8953 1.061 0.2941 82 51 9 -42.7 -51.4 -30.5
10 stats/cope3 77 -0.1452 0.2514 0.6445 0.5896 1.199 1.517 0.387 82 50 9 -42.7 -53.6 -30.0
10 stats/cope4 77 -0.3301 -0.03937 0.1958 0.1521 0.5525 0.6923 0.2297 81 51 9 -40.3 -51.3 -30.5
10 stats/cope5 77 -0.2406 0.08957 0.5121 0.5317 0.863 0.9977 0.2868 81 51 9 -40.3 -51.3 -30.5
