4 stats/pe1 71 -0.5252 -0.3054 0.2191 0.1201 0.8148 1.09 0.4077 46 47 9 45.8 -62.0 -30.2
4 stats/pe3 71 -0.1502 0.02236 0.4301 0.349 0.9535 1.364 0.3762 47 46 12 43.6 -61.3 -19.2
4 stats/pe5 71 -0.04208 0.1662 0.7213 0.7441 1.213 1.839 0.4033 46 47 9 45.8 -62.0 -30.2
4 stats/pe7 71 -0.6884 -0.3857 -0.07968 -0.08531 0.2799 0.5081 0.2617 46 46 10 45.9 -63.2 -26.0
4 stats/pe9 71 -0.2963 -0.1133 0.3961 0.2693 1.068 1.633 0.4706 46 47 9 45.8 -62.0 -30.2
4 stats/cope1 71 -0.5157 -0.3 0.2151 0.1179 0.8001 1.071 0.4004 46 47 9 45.8 -62.0 -30.2
4 stats/cope2 71 -0.1456 0.02167 0.417 0.3383 0.9243 1.322 0.3647 47 46 12 43.6 -61.3 -19.2
4 stats/cope3 71 -0.04108 0.1623 0.7041 0.7264 1.184 1.795 0.3937 46 47 9 45.8 -62.0 -30.2
4 stats/cope4 71 -0.6787 -0.3802 -0.07855 -0.0841 0.276 0.5009 0.258 46 46 10 45.9 -63.2 -26.0
4 stats/cope5 71 -0.2893 -0.1107 0.3868 0.2629 1.043 1.595 0.4595 46 47 9 45.8 -62.0 -30.2
