1 stats/pe1 88 -0.3653 -0.1483 0.3376 0.3298 0.9035 1.318 0.3845 52 46 12 27.7 -56.1 -22.5
1 stats/pe3 88 -0.2046 0.1121 0.6008 0.5895 1.155 1.546 0.3736 52 46 12 27.7 -56.1 -22.5
1 stats/pe5 88 -0.4525 -0.2693 0.1726 0.2273 0.6053 0.9528 0.3192 76 44 11 -27.6 -59.6 -24.5
1 stats/pe7 88 -0.1987 0.2302 0.7607 0.7752 1.355 1.677 0.4017 52 46 12 27.7 -56.1 -22.5
1 stats/pe9 88 -0.3276 -0.1776 0.5046 0.4279 1.289 1.921 0.5224 76 44 11 -27.6 -59.6 -24.5
1 stats/cope1 88 -0.3587 -0.1456 0.3315 0.3239 0.8873 1.294 0.3776 52 46 12 27.7 -56.1 -22.5
1 stats/cope2 88 -0.1983 0.1087 0.5824 0.5715 1.12 1.499 0.3622 52 46 12 27.7 -56.1 -22.5
1 stats/cope3 88 -0.4418 -0.2629 0.1685 0.2219 0.5909 0.9302 0.3116 76 44 11 -27.6 -59.6 -24.5
1 stats/cope4 88 -0.1959 0.2269 0.7499 0.7642 1.336 1.653 0.396 52 46 12 27.7 -56.1 -22.5
1 stats/cope5 88 -0.3198 -0.1734 0.4927 0.4178 1.259 1.876 0.5101 76 44 11 -27.6 -59.6 -24.5
