9 stats/pe1 61 0.6963 1.034 1.488 1.494 1.941 2.319 0.3463 53 53 7 27.0 -52.7 -20.4
9 stats/pe3 61 0.8695 1.087 1.464 1.455 1.904 2.144 0.2991 52 54 8 29.4 -48.9 -18.0
9 stats/pe5 61 -0.1581 0.04586 0.3847 0.4041 0.6541 1.042 0.2488 77 53 7 -29.2 -51.9 -21.1
9 stats/pe7 61 0.9791 1.192 1.603 1.549 2.133 2.405 0.3517 52 56 8 29.4 -43.9 -19.8
9 stats/pe9 61 0.8185 1.042 1.572 1.528 2.278 2.516 0.4267 51 54 8 31.7 -49.0 -18.0
9 stats/cope1 61 0.6838 1.016 1.462 1.468 1.906 2.278 0.3401 53 53 7 27.0 -52.7 -20.4
9 stats/cope2 61 0.8428 1.054 1.419 1.41 1.845 2.078 0.2899 52 54 8 29.4 -48.9 -18.0
9 stats/cope3 61 -0.1544 0.04477 0.3755 0.3945 0.6386 1.017 0.2429 77 53 7 -29.2 -51.9 -21.1
9 stats/cope4 61 0.9652 1.175 1.58 1.527 2.103 2.371 0.3467 52 56 8 29.4 -43.9 -19.8
9 stats/cope5 61 0.7992 1.017 1.535 1.492 2.224 2.457 0.4166 51 54 8 31.7 -49.0 -18.0
