6 stats/pe1 79 -1.801 -0.09272 0.9884 0.932 2.331 3.943 0.9917 45 52 6 42.7 -60.9 -23.9
6 stats/pe3 79 -1.703 0.2421 1.494 1.367 3.019 5.366 1.253 44 53 5 45.1 -59.9 -28.1
6 stats/pe5 79 0.1433 0.7134 1.969 1.707 3.492 5.942 1.129 45 52 6 42.7 -60.9 -23.9
6 stats/pe7 79 -1.845 0.0996 0.9529 0.7834 2.374 4.232 1.024 44 53 5 45.1 -59.9 -28.1
6 stats/pe9 79 -1.643 0.4292 1.807 1.712 3.334 5.883 1.311 45 52 6 42.7 -60.9 -23.9
6 stats/cope1 79 -1.769 -0.09105 0.9707 0.9153 2.289 3.873 0.9739 45 52 6 42.7 -60.9 -23.9
6 stats/cope2 79 -1.651 0.2347 1.448 1.325 2.926 5.202 1.215 44 53 5 45.1 -59.9 -28.1
6 stats/cope3 79 0.1399 0.6964 1.922 1.667 3.409 5.801 1.103 45 52 6 42.7 -60.9 -23.9
6 stats/cope4 79 -1.819 0.09819 0.9394 0.7723 2.34 4.172 1.009 44 53 5 45.1 -59.9 -28.1
6 stats/cope5 79 -1.604 0.4191 1.764 1.672 3.256 5.744 1.281 45 52 6 42.7 -60.9 -23.9
