7 stats/pe1 75 0.1451 0.2873 0.7658 0.6689 1.304 1.639 0.3719 51 47 11 28.2 -56.0 -21.0
7 stats/pe3 75 0.1348 0.3078 0.7516 0.6998 1.238 1.696 0.3542 51 47 11 28.2 -56.0 -21.0
7 stats/pe5 75 -0.1023 0.04545 0.2195 0.186 0.5008 0.8694 0.1812 51 47 11 28.2 -56.0 -21.0
7 stats/pe7 75 0.2227 0.5678 1.036 0.9937 1.507 2.16 0.4304 76 45 12 -28.2 -58.5 -16.2
7 stats/pe9 75 0.07698 0.1959 0.6799 0.6469 1.21 1.862 0.3967 51 47 11 28.2 -56.0 -21.0
7 stats/cope1 75 0.1425 0.2821 0.752 0.6569 1.28 1.61 0.3652 51 47 11 28.2 -56.0 -21.0
7 stats/cope2 75 0.1306 0.2984 0.7285 0.6784 1.2 1.644 0.3433 51 47 11 28.2 -56.0 -21.0
7 stats/cope3 75 -0.09989 0.04437 0.2142 0.1816 0.4889 0.8488 0.1769 51 47 11 28.2 -56.0 -21.0
7 stats/cope4 75 0.2195 0.5597 1.021 0.9796 1.485 2.13 0.4243 76 45 12 -28.2 -58.5 -16.2
7 stats/cope5 75 0.07517 0.1913 0.6639 0.6316 1.181 1.818 0.3873 51 47 11 28.2 -56.0 -21.0
