8 stats/pe1 70 0.1993 0.3726 0.8138 0.7577 1.39 2.795 0.4589 53 47 9 28.6 -56.4 -20.1
8 stats/pe3 70 0.1368 0.2609 0.7119 0.6312 1.285 2.342 0.444 53 47 9 28.6 -56.4 -20.1
8 stats/pe5 70 -0.09448 0.2571 0.6506 0.5964 1.038 2.085 0.3803 53 47 9 28.6 -56.4 -20.1
8 stats/pe7 70 0.2326 0.468 1.065 0.9536 1.89 3.281 0.5739 53 47 9 28.6 -56.4 -20.1
8 stats/pe9 70 0.2176 0.4127 0.944 0.8564 1.655 3.136 0.5571 53 47 9 28.6 -56.4 -20.1
8 stats/cope1 70 0.1958 0.366 0.7992 0.7441 1.365 2.745 0.4507 53 47 9 28.6 -56.4 -20.1
8 stats/cope2 70 0.1326 0.2529 0.6901 0.6118 1.246 2.271 0.4304 53 47 9 28.6 -56.4 -20.1
8 stats/cope3 70 -0.09223 0.251 0.6351 0.5823 1.013 2.035 0.3712 53 47 9 28.6 -56.4 -20.1
8 stats/cope4 70 0.2293 0.4613 1.05 0.9401 1.863 3.234 0.5658 53 47 9 28.6 -56.4 -20.1
8 stats/cope5 70 0.2124 0.4029 0.9217 0.8362 1.616 3.062 0.544 53 47 9 28.6 -56.4 -20.1
