6 stats/pe1 74 0.1117 0.3024 0.7984 0.7388 1.387 1.624 0.4041 53 56 8 25.6 -48.2 -21.3
6 stats/pe3 74 0.6063 0.9086 1.67 1.687 2.453 2.766 0.5971 75 50 7 -24.9 -61.3 -19.1
6 stats/pe5 74 0.013 0.1878 0.586 0.4864 1.019 1.456 0.3435 77 50 6 -29.5 -62.4 -22.4
6 stats/pe7 74 0.4737 0.8247 1.634 1.719 2.516 2.674 0.6008 52 55 9 27.8 -49.4 -17.0
6 stats/pe9 74 0.4645 0.7402 1.57 1.564 2.595 2.898 0.6696 53 56 8 25.6 -48.2 -21.3
6 stats/cope1 74 0.1097 0.2969 0.784 0.7256 1.362 1.595 0.3969 53 56 8 25.6 -48.2 -21.3
6 stats/cope2 74 0.5877 0.8807 1.618 1.635 2.377 2.681 0.5788 75 50 7 -24.9 -61.3 -19.1
6 stats/cope3 74 0.01269 0.1833 0.5721 0.4749 0.9949 1.421 0.3353 77 50 6 -29.5 -62.4 -22.4
6 stats/cope4 74 0.467 0.813 1.61 1.694 2.48 2.636 0.5923 52 55 9 27.8 -49.4 -17.0
6 stats/cope5 74 0.4535 0.7227 1.533 1.528 2.534 2.829 0.6538 53 56 8 25.6 -48.2 -21.3
