3 stats/pe1 77 -0.6178 0.3837 1.239 1.116 2.628 3.995 0.8834 47 45 7 43.4 -63.7 -24.8
3 stats/pe3 77 -0.245 0.4225 1.21 1.042 2.754 4.241 0.8609 47 45 7 43.4 -63.7 -24.8
3 stats/pe5 77 0.1877 0.5693 1.416 1.067 3.033 5.047 1.011 47 45 7 43.4 -63.7 -24.8
3 stats/pe7 77 -0.2867 0.3288 1.097 0.8516 2.493 4.321 0.8655 47 45 7 43.4 -63.7 -24.8
3 stats/pe9 77 -0.005614 0.4914 1.434 1.23 3.194 5.115 1.035 47 45 7 43.4 -63.7 -24.8
3 stats/cope1 77 -0.6067 0.3768 1.217 1.096 2.581 3.923 0.8676 47 45 7 43.4 -63.7 -24.8
3 stats/cope2 77 -0.2375 0.4095 1.173 1.01 2.669 4.111 0.8346 47 45 7 43.4 -63.7 -24.8
3 stats/cope3 77 0.1832 0.5558 1.382 1.041 2.961 4.927 0.9867 47 45 7 43.4 -63.7 -24.8
3 stats/cope4 77 -0.2826 0.3242 1.081 0.8395 2.458 4.26 0.8532 47 45 7 43.4 -63.7 -24.8
3 stats/cope5 77 -0.005482 0.4798 1.4 1.201 3.119 4.994 1.01 47 45 7 43.4 -63.7 -24.8
