3 stats/pe1 79 0.204 0.3937 0.7816 0.7742 1.199 1.55 0.3014 53 53 10 29.2 -43.0 -19.4
3 stats/pe3 79 0.487 0.6911 1.138 1.122 1.596 1.884 0.3439 54 51 9 26.6 -48.2 -21.4
3 stats/pe5 79 -0.3495 -0.04283 0.4509 0.4278 0.9026 1.18 0.3503 52 49 10 31.5 -52.0 -17.0
3 stats/pe7 79 0.34 0.6774 1.417 1.386 2.119 2.639 0.5119 54 51 9 26.6 -48.2 -21.4
3 stats/pe9 79 0.2391 0.4497 0.9317 0.8793 1.472 1.651 0.3715 53 48 10 29.0 -54.2 -16.4
3 stats/cope1 79 0.2003 0.3867 0.7676 0.7604 1.177 1.522 0.296 53 53 10 29.2 -43.0 -19.4
3 stats/cope2 79 0.4721 0.6699 1.103 1.088 1.547 1.826 0.3333 54 51 9 26.6 -48.2 -21.4
3 stats/cope3 79 -0.3412 -0.04182 0.4402 0.4176 0.8812 1.152 0.342 52 49 10 31.5 -52.0 -17.0
3 stats/cope4 79 0.3351 0.6677 1.397 1.366 2.088 2.602 0.5046 54 51 9 26.6 -48.2 -21.4
3 stats/cope5 79 0.2335 0.4391 0.9097 0.8586 1.438 1.612 0.3628 53 48 10 29.0 -54.2 -16.4
