7 stats/pe1 83 0.5421 0.6532 1.173 1.035 2.042 2.57 0.531 45 44 10 41.6 -64.6 -23.5
7 stats/pe3 83 0.3303 0.3957 0.8438 0.7173 1.594 2.048 0.4332 45 44 10 41.6 -64.6 -23.5
7 stats/pe5 83 0.4422 0.5656 1.197 1.052 2.033 2.681 0.5456 45 44 10 41.6 -64.6 -23.5
7 stats/pe7 83 0.1908 0.3164 0.6692 0.5338 1.186 1.848 0.3817 45 44 10 41.6 -64.6 -23.5
7 stats/pe9 83 0.4787 0.5993 1.282 1.134 2.202 2.864 0.6103 45 44 10 41.6 -64.6 -23.5
7 stats/cope1 83 0.5323 0.6415 1.152 1.017 2.005 2.524 0.5215 45 44 10 41.6 -64.6 -23.5
7 stats/cope2 83 0.3202 0.3836 0.8179 0.6953 1.545 1.986 0.4199 45 44 10 41.6 -64.6 -23.5
7 stats/cope3 83 0.4317 0.5522 1.169 1.027 1.984 2.617 0.5327 45 44 10 41.6 -64.6 -23.5
7 stats/cope4 83 0.1881 0.3119 0.6597 0.5262 1.169 1.822 0.3763 45 44 10 41.6 -64.6 -23.5
7 stats/cope5 83 0.4675 0.5852 1.252 1.107 2.15 2.796 0.5959 45 44 10 41.6 -64.6 -23.5
