5 stats/pe1 67 -0.851 -0.1744 0.8485 0.4455 2.668 6.991 1.315 49 47 8 43.0 -62.6 -24.4
5 stats/pe3 67 -0.6428 -0.08844 0.7908 0.3695 2.666 7.612 1.341 49 47 8 43.0 -62.6 -24.4
5 stats/pe5 67 -0.2343 0.1459 1.16 0.6468 3.281 8.281 1.447 49 47 8 43.0 -62.6 -24.4
5 stats/pe7 67 -1.22 -0.4385 0.4954 0.1747 2.303 7.191 1.304 49 47 8 43.0 -62.6 -24.4
5 stats/pe9 67 -1.176 -0.3596 0.8396 0.3603 3.133 8.722 1.596 49 47 8 43.0 -62.6 -24.4
5 stats/cope1 67 -0.8357 -0.1712 0.8333 0.4376 2.621 6.866 1.292 49 47 8 43.0 -62.6 -24.4
5 stats/cope2 67 -0.6231 -0.08573 0.7665 0.3582 2.584 7.378 1.3 49 47 8 43.0 -62.6 -24.4
5 stats/cope3 67 -0.2287 0.1425 1.132 0.6315 3.203 8.084 1.412 49 47 8 43.0 -62.6 -24.4
5 stats/cope4 67 -1.203 -0.4323 0.4884 0.1722 2.271 7.088 1.286 49 47 8 43.0 -62.6 -24.4
5 stats/cope5 67 -1.148 -0.3511 0.8199 0.3518 3.059 8.517 1.559 49 47 8 43.0 -62.6 -24.4
