8 stats/pe1 60 -1.193 0.077 0.4659 0.4663 1.135 1.354 0.5249 81 42 7 -42.4 -68.4 -25.7
8 stats/pe3 60 -0.7356 0.03459 0.3633 0.3355 0.8473 1.045 0.3714 81 42 7 -42.4 -68.4 -25.7
8 stats/pe5 60 -0.6048 0.344 1.247 1.333 1.999 2.557 0.6542 47 49 7 44.2 -53.9 -27.9
8 stats/pe7 60 -1.708 -0.3049 0.1234 0.1387 0.6425 1.216 0.5227 81 42 7 -42.4 -68.4 -25.7
8 stats/pe9 60 -1.813 -0.4054 0.4973 0.6282 1.28 1.609 0.6779 81 42 7 -42.4 -68.4 -25.7
8 stats/cope1 60 -1.172 0.07562 0.4576 0.4579 1.114 1.33 0.5155 81 42 7 -42.4 -68.4 -25.7
8 stats/cope2 60 -0.713 0.03353 0.3521 0.3252 0.8213 1.013 0.36 81 42 7 -42.4 -68.4 -25.7
8 stats/cope3 60 -0.5905 0.3358 1.217 1.301 1.952 2.496 0.6387 47 49 7 44.2 -53.9 -27.9
8 stats/cope4 60 -1.683 -0.3005 0.1216 0.1367 0.6333 1.198 0.5153 81 42 7 -42.4 -68.4 -25.7
8 stats/cope5 60 -1.771 -0.3959 0.4856 0.6134 1.25 1.571 0.6619 81 42 7 -42.4 -68.4 -25.7
