1 stats/pe1 99 -1.142 -0.2346 0.2624 0.217 0.708 2.208 0.524 82 40 10 -41.4 -68.0 -26.3
1 stats/pe3 99 -0.8975 -0.3608 0.2384 0.172 0.8187 2.214 0.5717 82 40 10 -41.4 -68.0 -26.3
1 stats/pe5 99 -0.5678 -0.1925 0.6548 0.5609 1.689 3.413 0.7602 43 44 10 48.4 -61.3 -28.8
1 stats/pe7 99 -1.062 -0.5388 0.1613 0.1121 0.7017 2.181 0.5952 82 40 10 -41.4 -68.0 -26.3
1 stats/pe9 99 -0.4066 -0.0862 0.6283 0.4122 1.475 3.363 0.7636 43 44 10 48.4 -61.3 -28.8
1 stats/cope1 99 -1.121 -0.2304 0.2577 0.2131 0.6953 2.169 0.5146 82 40 10 -41.4 -68.0 -26.3
1 stats/cope2 99 -0.87 -0.3497 0.2311 0.1667 0.7936 2.146 0.5542 82 40 10 -41.4 -68.0 -26.3
1 stats/cope3 99 -0.5544 -0.188 0.6393 0.5476 1.649 3.332 0.7422 43 44 10 48.4 -61.3 -28.8
1 stats/cope4 99 -1.047 -0.5311 0.159 0.1105 0.6917 2.15 0.5867 82 40 10 -41.4 -68.0 -26.3
1 stats/cope5 99 -0.397 -0.08417 0.6135 0.4025 1.44 3.284 0.7456 43 44 10 48.4 -61.3 -28.8
