10 stats/pe1 86 -0.4325 -0.01846 0.5738 0.6982 1.116 1.533 0.4655 76 47 10 -28.1 -59.3 -24.8
10 stats/pe3 86 -0.3062 0.006876 0.7141 0.7863 1.285 1.663 0.4737 53 48 11 28.4 -55.0 -20.6
10 stats/pe5 86 -0.4656 -0.3369 -0.06523 -0.0849 0.2142 0.4412 0.2174 76 47 10 -28.1 -59.3 -24.8
10 stats/pe7 86 -0.3316 0.03978 0.6387 0.6879 1.347 1.757 0.4687 53 48 11 28.4 -55.0 -20.6
10 stats/pe9 86 -0.5971 -0.1743 0.3308 0.4374 0.7469 1.318 0.3925 53 48 10 28.5 -55.5 -23.8
10 stats/cope1 86 -0.4247 -0.01813 0.5635 0.6857 1.096 1.505 0.4572 76 47 10 -28.1 -59.3 -24.8
10 stats/cope2 86 -0.2968 0.006665 0.6922 0.7622 1.246 1.612 0.4591 53 48 11 28.4 -55.0 -20.6
10 stats/cope3 86 -0.4546 -0.3289 -0.06368 -0.08288 0.2091 0.4307 0.2123 76 47 10 -28.1 -59.3 -24.8
10 stats/cope4 86 -0.3269 0.03921 0.6296 0.6781 1.328 1.732 0.462 53 48 11 28.4 -55.0 -20.6
10 stats/cope5 86 -0.5831 -0.1702 0.323 0.4271 0.7293 1.287 0.3833 53 48 10 28.5 -55.5 -23.8
