9 stats/pe1 66 0.4439 0.7054 1.152 1.061 1.782 2.355 0.4186 46 55 4 43.4 -51.5 -31.7
9 stats/pe3 66 0.3833 0.6035 1.008 0.9604 1.523 2.207 0.3495 46 55 4 43.4 -51.5 -31.7
9 stats/pe5 66 0.2839 0.6025 1.159 1.204 1.688 2.777 0.4673 46 55 4 43.4 -51.5 -31.7
9 stats/pe7 66 0.2932 0.4192 0.8483 0.7942 1.3 2.079 0.3461 46 55 4 43.4 -51.5 -31.7
9 stats/pe9 66 0.6458 0.942 1.447 1.359 2.135 3.193 0.4936 46 55 4 43.4 -51.5 -31.7
9 stats/cope1 66 0.4359 0.6928 1.132 1.042 1.75 2.313 0.4111 46 55 4 43.4 -51.5 -31.7
9 stats/cope2 66 0.3716 0.585 0.9771 0.931 1.476 2.139 0.3388 46 55 4 43.4 -51.5 -31.7
9 stats/cope3 66 0.2772 0.5882 1.132 1.176 1.648 2.711 0.4562 46 55 4 43.4 -51.5 -31.7
9 stats/cope4 66 0.2891 0.4132 0.8362 0.7829 1.281 2.049 0.3412 46 55 4 43.4 -51.5 -31.7
9 stats/cope5 66 0.6306 0.9198 1.413 1.327 2.085 3.118 0.482 46 55 4 43.4 -51.5 -31.7
