5 stats/pe1 68 0.592 0.8797 1.514 1.471 2.096 2.694 0.4537 76 48 10 -26.1 -63.6 -19.7
5 stats/pe3 68 0.8744 1.061 1.574 1.512 2.148 2.933 0.4271 76 48 10 -26.1 -63.6 -19.7
5 stats/pe5 68 0.2434 0.3975 0.7128 0.6566 1.138 1.67 0.3015 54 49 10 29.6 -57.2 -18.8
5 stats/pe7 68 0.8572 0.9552 1.451 1.322 2.195 2.581 0.4601 53 54 11 31.3 -44.7 -18.1
5 stats/pe9 68 0.5769 0.8789 1.477 1.451 2.265 2.826 0.4828 76 48 10 -26.1 -63.6 -19.7
5 stats/cope1 68 0.5814 0.8639 1.486 1.445 2.059 2.645 0.4456 76 48 10 -26.1 -63.6 -19.7
5 stats/cope2 68 0.8476 1.028 1.526 1.465 2.082 2.843 0.414 76 48 10 -26.1 -63.6 -19.7
5 stats/cope3 68 0.2376 0.3881 0.6958 0.641 1.111 1.63 0.2943 54 49 10 29.6 -57.2 -18.8
5 stats/cope4 68 0.845 0.9416 1.43 1.304 2.164 2.544 0.4536 53 54 11 31.3 -44.7 -18.1
5 stats/cope5 68 0.5633 0.8582 1.442 1.417 2.212 2.759 0.4714 76 48 10 -26.1 -63.6 -19.7
