2 stats/pe1 63 0.2508 0.6477 0.967 0.8994 1.305 1.779 0.2927 75 48 8 -28.9 -59.4 -23.8
2 stats/pe3 63 0.2899 0.7142 1.088 1.052 1.516 2.163 0.3381 53 48 10 27.8 -56.0 -18.6
2 stats/pe5 63 -0.000119 0.1472 0.4377 0.3709 0.669 1.432 0.2718 53 48 9 27.8 -56.6 -22.4
2 stats/pe7 63 0.5392 0.9533 1.589 1.594 2.159 2.805 0.4533 52 49 11 30.4 -53.1 -15.5
2 stats/pe9 63 0.04932 0.3702 0.8429 0.8652 1.314 1.824 0.3853 75 48 8 -28.9 -59.4 -23.8
2 stats/cope1 63 0.2463 0.6361 0.9496 0.8833 1.282 1.747 0.2875 75 48 8 -28.9 -59.4 -23.8
2 stats/cope2 63 0.281 0.6923 1.055 1.02 1.469 2.096 0.3278 53 48 10 27.8 -56.0 -18.6
2 stats/cope3 63 -0.000117 0.1437 0.4273 0.3621 0.6531 1.398 0.2653 53 48 9 27.8 -56.6 -22.4
2 stats/cope4 63 0.5315 0.9397 1.566 1.571 2.128 2.765 0.4468 52 49 11 30.4 -53.1 -15.5
2 stats/cope5 63 0.04816 0.3615 0.823 0.8448 1.283 1.781 0.3762 75 48 8 -28.9 -59.4 -23.8
