2 stats/pe1 64 -0.208 -0.02743 0.8083 0.8897 1.409 1.619 0.5349 47 45 8 43.5 -63.3 -25.3
2 stats/pe3 64 -0.9474 -0.4423 0.4387 0.5721 1.099 1.36 0.5726 47 45 8 43.5 -63.3 -25.3
2 stats/pe5 64 -0.2645 -0.02881 0.9221 0.9412 1.791 2.002 0.6179 81 46 7 -44.1 -65.0 -25.9
2 stats/pe7 64 -0.1567 0.03136 0.7213 0.7688 1.197 1.911 0.4508 45 51 7 47.8 -50.3 -32.5
2 stats/pe9 64 -0.2435 0.07024 0.5884 0.5022 1.31 1.703 0.4737 81 46 7 -44.1 -65.0 -25.9
2 stats/cope1 64 -0.2043 -0.02694 0.7938 0.8737 1.384 1.59 0.5253 47 45 8 43.5 -63.3 -25.3
2 stats/cope2 64 -0.9184 -0.4288 0.4252 0.5546 1.065 1.318 0.555 47 45 8 43.5 -63.3 -25.3
2 stats/cope3 64 -0.2582 -0.02812 0.9002 0.9188 1.748 1.955 0.6032 81 46 7 -44.1 -65.0 -25.9
2 stats/cope4 64 -0.1545 0.03091 0.7111 0.7579 1.18 1.884 0.4444 45 51 7 47.8 -50.3 -32.5
2 stats/cope5 64 -0.2377 0.06859 0.5745 0.4903 1.279 1.663 0.4625 81 46 7 -44.1 -65.0 -25.9
