4 stats/pe1 80 -0.4432 -0.3487 -0.1923 -0.2131 -0.004023 0.3785 0.1523 78 48 11 -30.6 -60.5 -22.3
4 stats/pe3 80 -0.2096 -0.000222 0.2911 0.2085 0.6448 0.9792 0.2759 77 48 11 -28.2 -60.4 -22.3
4 stats/pe5 80 -0.5059 -0.3441 -0.1913 -0.1927 -0.01802 0.2936 0.1383 78 48 11 -30.6 -60.5 -22.3
4 stats/pe7 80 -0.2565 0.06366 0.4188 0.4255 0.8656 1.162 0.3072 76 50 12 -26.0 -55.1 -20.5
4 stats/pe9 80 -0.5248 -0.3382 -0.1065 -0.1238 0.2001 0.5564 0.2112 77 47 11 -28.2 -62.6 -21.6
4 stats/cope1 80 -0.4352 -0.3425 -0.1889 -0.2093 -0.00395 0.3717 0.1495 78 48 11 -30.6 -60.5 -22.3
4 stats/cope2 80 -0.2032 -0.000215 0.2822 0.2021 0.6251 0.9492 0.2674 77 48 11 -28.2 -60.4 -22.3
4 stats/cope3 80 -0.4939 -0.336 -0.1868 -0.1882 -0.01759 0.2866 0.135 78 48 11 -30.6 -60.5 -22.3
4 stats/cope4 80 -0.2528 0.06275 0.4128 0.4195 0.8533 1.145 0.3028 76 50 12 -26.0 -55.1 -20.5
4 stats/cope5 80 -0.5124 -0.3302 -0.104 -0.1209 0.1954 0.5433 0.2063 77 47 11 -28.2 -62.6 -21.6
